{
  "a": {
    "matches": 606,
    "rmse": 3.6117097964595426,
    "R": [
      [
        0.99981708750677,
        0.018109224191900957,
        -0.00615203451280967
      ],
      [
        -0.01815329912148405,
        0.999809394125024,
        -0.007185621083646038
      ],
      [
        0.006020735875726675,
        0.007295986466494944,
        0.9999552586596037
      ]
    ],
    "t": [
      -0.19616602740018152,
      4.51429617531241,
      -1.2272020295131871
    ],
    "s": 1.0,
    "rpe": {
      "1": {
        "count": 605.0,
        "rmse": 0.449816886737519,
        "mean": 0.11197020587352756,
        "pstd": 0.43565801334403775,
        "mean_dt": 1.0
      },
      "10": {
        "count": 596.0,
        "rmse": 1.5394524207691034,
        "mean": 0.9264850851285303,
        "pstd": 1.229446681579251,
        "mean_dt": 10.0
      },
      "50": {
        "count": 556.0,
        "rmse": 3.787776621280877,
        "mean": 3.357720957145338,
        "pstd": 1.7529865106922429,
        "mean_dt": 50.0
      }
    }
  },
  "c": {
    "matches": 532,
    "rmse": 4.245530477368011,
    "R": [
      [
        0.9999161595168409,
        0.012268686028719382,
        0.004141651871011283
      ],
      [
        -0.01229337249485521,
        0.9999065001600361,
        0.005988650132602066
      ],
      [
        -0.004067791759011412,
        -0.006039062910475828,
        0.9999734910433222
      ]
    ],
    "t": [
      0.5868927223729372,
      1.7716558855423408,
      0.4436054113635599
    ],
    "s": 1.0,
    "rpe": {
      "1": {
        "count": 531.0,
        "rmse": 1.1431117313860193,
        "mean": 0.27231912572328754,
        "pstd": 1.1102012088795647,
        "mean_dt": 1.0
      },
      "10": {
        "count": 522.0,
        "rmse": 1.5823430709830402,
        "mean": 1.0832769700559965,
        "pstd": 1.1533952490080501,
        "mean_dt": 10.0
      },
      "50": {
        "count": 482.0,
        "rmse": 4.182070405479145,
        "mean": 3.5677813391057462,
        "pstd": 2.18189119635084,
        "mean_dt": 50.0
      }
    }
  },
  "b": {
    "matches": 1040,
    "rmse": 3.3848789524286893,
    "R": [
      [
        0.999773255785777,
        0.020558692204749273,
        -0.005547719381608524
      ],
      [
        -0.020586411793403932,
        0.999775641568988,
        -0.004986599521862291
      ],
      [
        0.005443956739274061,
        0.005099676474976111,
        0.9999721779304022
      ]
    ],
    "t": [
      -1.338607006376833,
      4.487137500035423,
      -1.344085976360243
    ],
    "s": 1.0,
    "rpe": {
      "1": {
        "count": 1039.0,
        "rmse": 0.46467347386423946,
        "mean": 0.14083676666707334,
        "pstd": 0.4428164884778168,
        "mean_dt": 1.0
      },
      "10": {
        "count": 1030.0,
        "rmse": 1.2968423114796193,
        "mean": 0.9195596114996624,
        "pstd": 0.9144452426156483,
        "mean_dt": 10.0
      },
      "50": {
        "count": 990.0,
        "rmse": 3.5182952391053406,
        "mean": 2.872979722442208,
        "pstd": 2.030859154138268,
        "mean_dt": 50.0
      }
    }
  }
}